1 48 12 0 0 4.9
2 13.5 3.4 0 0 0.75
3 40 8.8 0 0.5 2.45
4 42.5 10.6 0 0 3.2
5 12 0.6 1 1 1.1
6 40.5 5 0.6 2.9 2
7 41 8.5 0.7 0.35 4.9
8 37 9 0 0 7.5
9 280 34.5 11.8 9.6 3.05
10 358 47.5 15.6 6.9 3.05
11 208.4 8.5 11.5 17.7 3.05
12 382 24 22.9 8.3 3.05
13 254 36.8 5.5 14.1 4.9
14 209.9 24.5 18.2 7.3 7
15 247.6 31.3 8.6 10.9 7
16 260 37.5 7.5 10 6.5
17 294 32 15.6 7.2 1.35
18 317.5 47.5 12.2 5.2 3.65
19 552 48 36.4 6.4 5
20 200 56.6 0 0 0.25
21 453.1 53.1 23.7 6.8 3
22 231.1 18.2 12.7 10.5 6
23 412.5 70.8 17.1 3.9 7
24 487 52.4 26.1 16 1.5
25 180 25 7.6 2.8 9
26 410 54.7 18.5 6.2 1.35
