KNN-2 Accuracy on Training Set: 0.7529791666666666
KNN-2 Accuracy on Validation Set: 0.5423333333333333
Classification Report on Validation Set:
               precision    recall  f1-score   support

           0       0.98      0.81      0.89       150
           1       0.34      0.51      0.41       161
           2       0.33      0.53      0.41       161
           3       0.45      0.66      0.53       183
           4       0.18      0.58      0.27       147
           5       0.21      0.68      0.32       178
           6       0.42      0.35      0.38       188
           7       0.36      0.49      0.42       176
           8       0.33      0.56      0.41       166
           9       0.62      0.66      0.64       177
          10       0.87      0.84      0.85       161
          11       0.27      0.66      0.38       160
          12       0.78      0.79      0.79       164
          13       0.96      0.80      0.87       168
          14       0.29      0.16      0.20       180
          15       0.50      0.36      0.42       173
          16       0.98      0.59      0.73       150
          17       0.94      0.60      0.73       152
          18       0.79      0.49      0.61       195
          19       0.36      0.48      0.41       145
          20       0.68      0.37      0.48       193
          21       0.77      0.72      0.74       156
          22       0.75      0.50      0.60       159
          23       1.00      0.73      0.84       191
          24       0.98      0.74      0.84       170
          25       0.72      0.72      0.72       139
          26       0.74      0.32      0.44       184
          27       0.78      0.44      0.56       198
          28       0.95      0.54      0.69       162
          29       0.66      0.38      0.48       138
          30       1.00      0.67      0.80       153
          31       0.48      0.28      0.35       161
          32       0.84      0.26      0.40       175
          33       0.99      0.68      0.81       189
          34       0.95      0.25      0.40       147
          35       0.95      0.42      0.58       150

    accuracy                           0.54      6000
   macro avg       0.67      0.54      0.57      6000
weighted avg       0.67      0.54      0.57      6000

KNN-2 Accuracy on Testing Set: 0.5525
Classification Report on Testing Set:
               precision    recall  f1-score   support

           0       0.99      0.84      0.91       161
           1       0.33      0.53      0.41       149
           2       0.33      0.53      0.41       166
           3       0.44      0.71      0.54       178
           4       0.21      0.58      0.31       185
           5       0.18      0.62      0.28       154
           6       0.44      0.41      0.42       172
           7       0.30      0.44      0.36       154
           8       0.34      0.62      0.44       162
           9       0.57      0.74      0.64       145
          10       0.87      0.84      0.85       165
          11       0.30      0.66      0.42       157
          12       0.73      0.79      0.76       164
          13       0.97      0.72      0.83       183
          14       0.31      0.17      0.22       196
          15       0.48      0.42      0.45       160
          16       0.99      0.58      0.73       165
          17       0.91      0.54      0.68       174
          18       0.72      0.54      0.62       167
          19       0.37      0.36      0.36       138
          20       0.68      0.48      0.56       168
          21       0.82      0.74      0.77       189
          22       0.78      0.63      0.70       180
          23       1.00      0.73      0.84       168
          24       0.98      0.76      0.85       172
          25       0.82      0.73      0.77       186
          26       0.77      0.31      0.44       177
          27       0.65      0.41      0.50       170
          28       0.98      0.56      0.71       162
          29       0.64      0.31      0.42       163
          30       1.00      0.71      0.83       160
          31       0.59      0.27      0.37       167
          32       0.98      0.25      0.40       161
          33       0.99      0.65      0.79       156
          34       1.00      0.33      0.50       154
          35       1.00      0.38      0.55       172

    accuracy                           0.55      6000
   macro avg       0.68      0.55      0.57      6000
weighted avg       0.68      0.55      0.58      6000

Tempo de execução para o dataset completo: 25min
