Model: "model"
_________________________________________________________________
 Layer (type)                Output Shape              Param #   
=================================================================
 input_1 (InputLayer)        [(None, 50, 28, 1)]       0         
                                                                 
 conv2d (Conv2D)             (None, 48, 26, 32)        320       
                                                                 
 max_pooling2d (MaxPooling2  (None, 24, 13, 32)        0         
 D)                                                              
                                                                 
 conv2d_1 (Conv2D)           (None, 22, 11, 64)        18496     
                                                                 
 max_pooling2d_1 (MaxPoolin  (None, 11, 5, 64)         0         
 g2D)                                                            
                                                                 
 conv2d_2 (Conv2D)           (None, 9, 3, 64)          36928     
                                                                 
 flatten (Flatten)           (None, 1728)              0         
                                                                 
 dense (Dense)               (None, 64)                110656    
                                                                 
 dropout (Dropout)           (None, 64)                0         
                                                                 
 batch_normalization (Batch  (None, 64)                256       
 Normalization)                                                  
                                                                 
 dense_1 (Dense)             (None, 36)                2340      
                                                                 
=================================================================
Total params: 168996 (660.14 KB)
Trainable params: 168868 (659.64 KB)
Non-trainable params: 128 (512.00 Byte)
_________________________________________________________________

Loss on training set = 0.012971192598342896
Accuracy on training set = 0.9961249828338623

Loss on validation set= 0.2548814117908478
Accuracy on validation set = 0.9476666450500488

Loss on testing set= 0.28722652792930603
Accuracy on testing set = 0.9409999847412109

              precision    recall  f1-score   support

           0       0.99      0.99      0.99       161
           1       0.79      0.96      0.87       149
           2       0.64      0.77      0.70       166
           3       0.97      0.97      0.97       178
           4       0.98      0.98      0.98       185
           5       0.95      0.96      0.96       154
           6       0.94      0.98      0.96       172
           7       0.98      0.97      0.97       154
           8       0.95      0.95      0.95       162
           9       0.96      0.97      0.96       145
          10       0.98      0.99      0.98       165
          11       0.92      0.92      0.92       157
          12       0.96      0.96      0.96       164
          13       0.97      0.95      0.96       183
          14       0.43      0.58      0.49       196
          15       0.98      0.96      0.97       160
          16       0.98      0.93      0.96       165
          17       0.98      0.97      0.97       174
          18       0.93      0.96      0.95       167
          19       0.95      0.96      0.96       138
          20       0.97      0.92      0.95       168
          21       0.86      0.94      0.90       189
          22       0.92      0.89      0.91       180
          23       0.99      0.97      0.98       168
          24       0.98      0.98      0.98       172
          25       0.98      0.97      0.97       186
          26       0.91      0.36      0.52       177
          27       0.96      0.96      0.96       170
          28       0.98      0.99      0.98       162
          29       0.98      0.96      0.97       163
          30       1.00      0.99      1.00       160
          31       0.95      0.94      0.94       167
          32       0.97      0.95      0.96       161
          33       0.97      0.96      0.96       156
          34       0.95      0.78      0.86       154
          35       0.90      0.97      0.93       172

    accuracy                           0.92      6000
   macro avg       0.93      0.92      0.92      6000
weighted avg       0.93      0.92      0.92      6000

