Model: "model"
_________________________________________________________________
 Layer (type)                Output Shape              Param #   
=================================================================
 input_1 (InputLayer)        [(None, 50, 28, 1)]       0         
                                                                 
 conv2d (Conv2D)             (None, 48, 26, 32)        320       
                                                                 
 max_pooling2d (MaxPooling2  (None, 24, 13, 32)        0         
 D)                                                              
                                                                 
 conv2d_1 (Conv2D)           (None, 22, 11, 64)        18496     
                                                                 
 max_pooling2d_1 (MaxPoolin  (None, 11, 5, 64)         0         
 g2D)                                                            
                                                                 
 conv2d_2 (Conv2D)           (None, 9, 3, 64)          36928     
                                                                 
 flatten (Flatten)           (None, 1728)              0         
                                                                 
 dense (Dense)               (None, 64)                110656    
                                                                 
 dropout (Dropout)           (None, 64)                0         
                                                                 
 batch_normalization (Batch  (None, 64)                256       
 Normalization)                                                  
                                                                 
 dense_1 (Dense)             (None, 36)                2340      
                                                                 
=================================================================
Total params: 168996 (660.14 KB)
Trainable params: 168868 (659.64 KB)
Non-trainable params: 128 (512.00 Byte)
_________________________________________________________________

Loss on training set = 0.07657779008150101
Accuracy on training set = 0.9739791750907898

Loss on validation set= 0.19392406940460205
Accuracy on validation set = 0.9445000290870667

Loss on testing set= 0.1991955190896988
Accuracy on testing set = 0.9424999952316284

              precision    recall  f1-score   support

           0       0.99      0.99      0.99       161
           1       0.91      0.98      0.94       149
           2       0.62      0.81      0.70       166
           3       0.97      0.97      0.97       178
           4       0.97      0.99      0.98       185
           5       0.95      0.97      0.96       154
           6       0.95      0.97      0.96       172
           7       0.99      0.98      0.98       154
           8       0.92      0.95      0.93       162
           9       0.97      0.97      0.97       145
          10       0.99      0.98      0.98       165
          11       0.94      0.97      0.96       157
          12       0.89      0.98      0.93       164
          13       0.98      0.88      0.93       183
          14       0.71      0.55      0.62       196
          15       0.95      0.97      0.96       160
          16       0.99      0.94      0.96       165
          17       0.99      0.97      0.98       174
          18       0.85      0.96      0.90       167
          19       0.94      0.96      0.95       138
          20       0.98      0.95      0.96       168
          21       0.86      0.94      0.90       189
          22       0.94      0.85      0.89       180
          23       0.98      0.98      0.98       168
          24       0.98      0.99      0.99       172
          25       0.94      0.96      0.95       186
          26       0.90      0.90      0.90       177
          27       0.96      0.95      0.95       170
          28       0.99      0.98      0.98       162
          29       0.97      0.94      0.96       163
          30       0.99      0.98      0.99       160
          31       0.97      0.86      0.91       167
          32       0.98      0.98      0.98       161
          33       0.98      0.91      0.94       156
          34       0.99      0.94      0.96       154
          35       0.96      0.97      0.97       172

    accuracy                           0.94      6000
   macro avg       0.94      0.94      0.94      6000
weighted avg       0.94      0.94      0.94      6000

