Ensemble Accuracy on Validation Set: 0.74625
Classification Report on Validation Set:
               precision    recall  f1-score   support

           0       0.94      0.89      0.92        73
           1       0.60      0.58      0.59        78
           2       0.71      0.44      0.55        68
           3       0.98      0.73      0.84        74
           4       0.91      0.63      0.74        62
           5       0.96      0.67      0.79        82
           6       0.95      0.76      0.84        70
           7       1.00      0.79      0.88        67
           8       0.97      0.58      0.73        67
           9       1.00      0.80      0.89        66
          10       1.00      0.87      0.93        54
          11       0.14      0.96      0.25        72
          12       1.00      0.73      0.84        59
          13       0.92      0.96      0.94        56
          14       0.87      0.36      0.50        76
          15       0.79      0.75      0.77        73
          16       1.00      0.83      0.91        58
          17       0.98      0.91      0.95        58
          18       0.97      0.76      0.85        74
          19       1.00      0.64      0.78        59
          20       0.76      0.81      0.78        74
          21       0.71      0.77      0.74        71
          22       0.95      0.62      0.75        60
          23       0.99      0.94      0.96        72
          24       0.94      0.92      0.93        72
          25       0.95      0.87      0.91        67
          26       0.97      0.38      0.54        74
          27       0.98      0.80      0.88        65
          28       1.00      0.89      0.94        55
          29       1.00      0.61      0.76        44
          30       1.00      0.87      0.93        63
          31       1.00      0.75      0.85        63
          32       0.53      0.81      0.64        70
          33       1.00      0.83      0.91        84
          34       1.00      0.67      0.80        61
          35       0.98      0.76      0.86        59

    accuracy                           0.75      2400
   macro avg       0.90      0.75      0.80      2400
weighted avg       0.89      0.75      0.79      2400

Meta-Model Accuracy on Test Set: 0.7911666666666667
Classification Report of meta-model on Test Set:
               precision    recall  f1-score   support

           0       0.91      0.91      0.91       161
           1       0.61      0.78      0.68       149
           2       0.61      0.51      0.56       166
           3       0.72      0.82      0.76       178
           4       0.71      0.83      0.77       185
           5       0.65      0.77      0.70       154
           6       0.70      0.85      0.77       172
           7       0.81      0.71      0.76       154
           8       0.68      0.80      0.74       162
           9       0.85      0.87      0.86       145
          10       0.93      0.90      0.91       165
          11       0.78      0.77      0.78       157
          12       0.83      0.89      0.86       164
          13       0.93      0.88      0.90       183
          14       0.53      0.47      0.50       196
          15       0.82      0.83      0.82       160
          16       0.82      0.73      0.77       165
          17       0.85      0.92      0.88       174
          18       0.65      0.83      0.73       167
          19       0.75      0.68      0.71       138
          20       0.81      0.79      0.80       168
          21       0.79      0.80      0.79       189
          22       0.75      0.79      0.77       180
          23       0.98      0.94      0.96       168
          24       0.90      0.93      0.92       172
          25       0.87      0.86      0.87       186
          26       0.75      0.71      0.73       177
          27       0.76      0.84      0.80       170
          28       0.88      0.81      0.84       162
          29       0.90      0.66      0.76       163
          30       0.97      0.91      0.94       160
          31       0.81      0.65      0.72       167
          32       0.71      0.71      0.71       161
          33       0.91      0.88      0.90       156
          34       0.90      0.73      0.80       154
          35       0.88      0.76      0.82       172

    accuracy                           0.79      6000
   macro avg       0.80      0.79      0.79      6000
weighted avg       0.80      0.79      0.79      6000

Tempo de execução para o dataset completo: +11hrs
